9.865292356822936981e-02 -2.511848526975034909e-03 -3.864033874008402508e-02 7.679712638586512659e-03 -7.408556806932179231e-03 -4.777407215670397000e-02 6.260903372751332185e-02 1.397096174559986359e-02 7.376555201664677930e-03 -1.627424101542456966e-02 5.744721597138871538e-02 -8.456479481137672838e-02 3.794580627873881881e-03 4.150327084439736636e-02 2.081661590999721225e-03 -7.551594783578034938e-03 -1.932208347163818021e-02 1.700603012707232672e-02 2.618830473646665755e-02 -2.299911416313843784e-02 -2.912711478369964246e-02 3.986487303008881544e-02 1.688188980295539723e-02 -1.337900276990931607e-02 -5.914747591059305379e-03 8.081302991292704449e-03 -1.162112403624466356e-01 -3.112262955413719790e-04 -6.617797177432925906e-03 5.927942700434302159e-02 -1.539124070525338395e-02 -8.024713475755944347e-03 -7.720004601171040828e-03 -2.067568472717701625e-02 -2.677090637824967347e-03 2.005522565862732573e-02 -1.998490921608768109e-02 1.526748465942450936e-03 6.336625460647749356e-03 -1.950744984848654801e-02 9.102049390817724831e-04 -5.642430879312713282e-03
-2.511848526975034909e-03 6.946581578378347235e-03 -9.568581636865209489e-03 1.193346844434883813e-02 2.951950668608345723e-04 -2.633742940107179718e-03 1.038831299653290158e-02 1.420958617025172913e-02 6.796550191892796085e-03 1.181983103610616563e-03 1.122078332988912970e-02 -8.568169671487321304e-04 -3.728927332169521859e-03 1.176261517948694151e-02 1.272544950566770064e-03 1.773506457908087530e-03 -3.291960722151929426e-03 6.470771982611376108e-03 7.925350489382426353e-03 -2.458270626666384830e-03 -2.024335192759948651e-02 -9.338077421473583647e-04 5.447768615261018750e-03 -4.076675047574785347e-03 -2.061708766478783424e-03 -8.711755740613398580e-03 2.922500208421186657e-02 2.392555125732060057e-04 2.298513463994920035e-03 1.602037172886150093e-02 2.423895681234732383e-03 7.890562218246558682e-04 1.284455154679685395e-03 -5.634172590653662924e-03 2.287895562686655809e-03 8.970507611938089571e-03 -1.160809932688604967e-02 -4.423211951612533374e-03 1.753234834199804502e-03 -7.017806213515890429e-03 -2.403995872637792238e-03 1.999856003344254504e-03
-3.864033874008402508e-02 -9.568581636865209489e-03 3.855286276745750751e-02 -1.415453446008742636e-02 1.620596789743742119e-02 2.914974572927754928e-02 -2.878874270963736187e-02 -2.173909839208708339e-02 -1.258344307310927529e-02 2.460240680691436199e-03 -1.956135356032788833e-02 4.731765705948959982e-02 1.087989682850420969e-02 -1.812722735016390752e-03 1.260982127820194597e-04 5.788231483414498120e-03 1.930542249314005573e-02 -1.197066359145814059e-02 -2.591354693246651977e-02 1.749369550832061831e-02 7.559448111250915980e-02 -1.150996605848244279e-02 -1.476573242310480830e-02 2.166455784742368426e-02 1.582713366052690765e-02 1.412943502460980300e-02 6.692216470184944588e-02 5.084437376577716737e-03 8.774150830992611186e-03 -3.335587721183158605e-02 -8.897482829390648568e-04 5.893814220678420673e-03 7.452317683437350085e-03 1.591979298327154610e-02 -5.862138466914059744e-03 -6.146473039064093494e-03 3.126902264966410078e-02 -7.738249134105987812e-04 -9.617523575161318963e-03 2.584298270621814345e-02 -1.112398414980200713e-03 -5.041799900097870824e-03
7.679712638586512659e-03 1.193346844434883813e-02 -1.415453446008742636e-02 3.565972936480332756e-02 1.586216578572859429e-02 -5.239829212925057461e-03 2.998865940186623211e-02 2.407390153793937879e-02 1.163790811106379941e-02 7.788862367501339385e-04 5.370090339489282105e-02 3.870114301930387829e-03 6.521829740007187293e-03 6.867592592026537657e-02 5.611751383929815783e-03 9.795786231129486113e-03 -3.234244128387979769e-03 1.104456552292345552e-02 8.420213973465309407e-03 -5.626531872504325453e-03 -4.911783181840143932e-03 4.007286606037317213e-03 1.231883909900377549e-02 -4.897829876591261629e-03 6.464644820900595189e-03 -1.018289875382170917e-02 1.082361633839674653e-01 1.092178162941036777e-02 1.104653094534092939e-02 4.276851098711587779e-02 -1.437704909941012448e-03 3.497403151609807231e-03 5.155321080613443907e-03 -2.325345033497484490e-02 -1.188614016395585921e-02 2.970636803961400341e-02 -1.882081328870550616e-02 -1.010142449874242877e-02 -1.887076747392385945e-03 -8.508386263633786403e-03 -1.011108634736577853e-02 -1.107796734971906207e-02
-7.408556806932179231e-03 2.951950668608345723e-04 1.620596789743742119e-02 1.586216578572859429e-02 3.482637494576500126e-02 1.740443789940051764e-02 2.385029157976658459e-02 2.636794863344824047e-02 5.804597989717923817e-03 -1.840604482959634636e-02 4.851709652701009096e-02 -2.812666535218125586e-03 1.331793478810756361e-02 8.546420233483639772e-02 1.128481525314429385e-02 1.580835217656052435e-02 1.779683943066114396e-02 1.802691538908813770e-02 -2.681916203042962552e-03 1.286746990381792272e-02 5.542364444244943927e-02 1.492536267103816705e-02 3.371934451995046468e-03 1.748771476638700736e-02 2.323189422458641490e-02 7.379922559435966867e-03 1.463920445186943364e-01 1.101055816264217939e-02 3.029127817085279159e-03 3.724879650619791760e-02 -2.188517752154616001e-03 1.329435080542801240e-02 2.235319866800449320e-02 2.279432885914169354e-03 -8.685356631528811863e-03 3.537536718524238871e-02 1.199556563712859264e-02 -2.109442484652840431e-03 -4.874785460842336049e-03 8.543830138670731669e-03 -1.112133301964197529e-03 -1.024994380373686620e-02
-4.777407215670397000e-02 -2.633742940107179718e-03 2.914974572927754928e-02 -5.239829212925057461e-03 1.740443789940051764e-02 3.146467581643119099e-02 -2.526191543279073318e-02 2.482848943998978227e-04 -3.751310117477443459e-03 -3.952125758143282437e-03 -1.455284072142439336e-02 3.078489907747079812e-02 4.240685631741550679e-03 8.625457535906278991e-03 3.812510718371511873e-03 9.159421491995651740e-03 1.874420461991083489e-02 -1.697106331754940668e-03 -1.573357149937227445e-02 1.816569597752614243e-02 4.191294179533318343e-02 -9.831766989538900936e-03 -9.031211992423165275e-03 1.501746557040140040e-02 1.289515869273435804e-02 3.668625624960856514e-03 9.326007663598176456e-02 3.274954727571091975e-03 -1.272801128014868291e-03 -2.004683392415355578e-02 6.249441668152999618e-03 9.656594037736949965e-03 1.387350425959623171e-02 1.623657582028731339e-02 -1.843338879245330761e-03 5.731719083546511995e-05 2.067000047668402993e-02 3.564222412685445849e-03 -4.423090215658578850e-03 1.463383586962363307e-02 2.877176332317425266e-03 -1.229002682895597148e-03
6.260903372751332185e-02 1.038831299653290158e-02 -2.878874270963736187e-02 2.998865940186623211e-02 2.385029157976658459e-02 -2.526191543279073318e-02 1.112552919611148189e-01 7.646461703072281180e-02 2.683612175504864264e-02 -3.261657270507194173e-02 1.026679500535821188e-01 -7.288227398270495649e-02 -1.443508947521876529e-03 1.182113088797270423e-01 1.380521576470238043e-02 7.861709293460425810e-03 -7.961240260997746272e-04 5.638700369939794732e-02 4.233607235672848940e-02 -4.417662381860904160e-03 -7.569562591372003670e-05 4.870785806134222268e-02 2.535503413563100494e-02 1.385911183495156830e-02 1.431713583198829590e-02 -8.274264482217149816e-04 9.389914791919451442e-02 1.013649773050924203e-03 1.033892311737770985e-02 1.290253090876810060e-01 -1.100812987757754900e-02 8.886487098825999673e-03 2.180814619063944221e-02 -5.394430372244690339e-03 1.805873098609241112e-02 7.667816231937622795e-02 -2.117603696426158602e-02 -2.122213594938736000e-02 4.688626061939110516e-03 -1.516172860167162156e-02 -3.691160185586835150e-03 8.371417288008432128e-03
1.397096174559986359e-02 1.420958617025172913e-02 -2.173909839208708339e-02 2.407390153793937879e-02 2.636794863344824047e-02 2.482848943998978227e-04 7.646461703072281180e-02 9.690323145388367310e-02 3.247890108842386298e-02 -4.570575587232947323e-02 7.031740887812962248e-02 -8.799923319471089633e-02 -1.268320957771077763e-02 1.015357453882317906e-01 1.932421337636028996e-02 1.419573192638775606e-02 9.679374864944292542e-03 6.256061825184863756e-02 4.368695210606076546e-02 8.918737495858043360e-03 -3.919475397490045782e-02 4.170111221868737922e-02 2.306963881881318387e-02 8.049283324695765893e-03 1.137526279628444520e-02 -1.232738926995603779e-02 1.256180661612228966e-01 -4.776552210318252278e-03 -1.938253890807275018e-02 1.078193243025663411e-01 7.418057393136745850e-03 1.863957530375816296e-02 3.671973033569257000e-02 1.375671222487783764e-02 2.469730875816685683e-02 6.460956011525148535e-02 -1.833483112782890653e-02 -2.958979999981210828e-04 1.286163557501517063e-02 -2.388534398814694260e-02 1.183626958423376375e-02 1.620127463933697040e-02
7.376555201664677930e-03 6.796550191892796085e-03 -1.258344307310927529e-02 1.163790811106379941e-02 5.804597989717923817e-03 -3.751310117477443459e-03 2.683612175504864264e-02 3.247890108842386298e-02 1.201530054251170355e-02 -1.232757916469667814e-02 2.488131610636983362e-02 -2.896179923565566153e-02 -5.371570747187570487e-03 3.188857379470860093e-02 5.640680941024406314e-03 3.860707356157805619e-03 -2.905888291059542379e-04 1.999227463647137992e-02 1.666651580606787891e-02 -1.464995678190771523e-04 -2.369520840010414658e-02 1.234370298572672227e-02 9.380517342746558240e-03 -1.222997617129407228e-03 1.020788254668601866e-03 -7.174123172436899093e-03 3.620622929586311128e-02 -1.556874060863927371e-03 -5.417168365682983877e-03 3.744356149569318809e-02 2.679655455692801173e-03 4.686509302593302138e-03 9.568688721178150725e-03 2.024975834764675500e-04 7.622196858965907436e-03 2.089781879551913524e-02 -1.148540841832140086e-02 -1.259908892176183964e-03 4.895560488537644556e-03 -1.109343892849043618e-02 2.542492289795580691e-03 5.185508167190558404e-03
-1.627424101542456966e-02 1.181983103610616563e-03 2.460240680691436199e-03 7.788862367501339385e-04 -1.840604482959634636e-02 -3.952125758143282437e-03 -3.261657270507194173e-02 -4.570575587232947323e-02 -1.232757916469667814e-02 3.660761051266269578e-02 -3.254455530556916304e-02 6.992443354982234849e-02 2.043222332598108697e-03 -5.596266710434719127e-02 -1.260772089225038230e-02 -8.107213476838506447e-03 -1.140170218791508421e-02 -3.275782848709234835e-02 -1.807015615455829713e-02 -9.107959774078836293e-03 3.802893292412654318e-03 -3.240176851107771927e-02 -8.468447566009789859e-03 -7.327558839940302715e-03 -1.025494104052678684e-02 -4.555681032189598870e-03 -3.450877094960763669e-02 2.797175424839842828e-03 2.426122186896122190e-02 -4.744626981749469619e-02 -2.806844945987046255e-03 -1.226047749927531780e-02 -2.428818181263217579e-02 -1.637765858098769872e-02 -9.528170979219076353e-03 -2.808326989127219592e-02 -4.283450541585901404e-03 -1.295919468568555548e-02 -7.707047084034811951e-03 9.111389306989322104e-03 -1.458048532373710029e-02 -5.013285716272064367e-03
5.744721597138871538e-02 1.122078332988912970e-02 -1.956135356032788833e-02 5.370090339489282105e-02 4.851709652701009096e-02 -1.455284072142439336e-02 1.026679500535821188e-01 7.031740887812962248e-02 2.488131610636983362e-02 -3.254455530556916304e-02 1.393366127413123157e-01 -5.493712341528284027e-02 1.872624428346723532e-02 1.832233163485921246e-01 1.960379702812374211e-02 2.139733497152830968e-02 6.056678547986778585e-03 4.824313116368278420e-02 2.658930722008803760e-02 -2.956827460206172195e-03 3.674965746420494339e-02 4.729355403578631295e-02 2.665327813912853408e-02 1.120817721084529234e-02 2.842181438136250071e-02 2.382583931776600505e-03 1.986168800992743899e-01 1.886441000630713349e-02 1.167041640809247244e-02 1.285453280420289779e-01 -1.272441379734630743e-02 1.431570385324363627e-02 2.784325792154025009e-02 -2.568064282070479931e-02 -1.324930165283354222e-02 8.587786082445447722e-02 -1.722332388595899585e-02 -1.518935428196063579e-02 -2.155157142907854814e-03 -1.065540591946335935e-02 -9.514013963970158888e-03 -1.807414939083364092e-02
-8.456479481137672838e-02 -8.568169671487321304e-04 4.731765705948959982e-02 3.870114301930387829e-03 -2.812666535218125586e-03 3.078489907747079812e-02 -7.288227398270495649e-02 -8.799923319471089633e-02 -2.896179923565566153e-02 6.992443354982234849e-02 -5.493712341528284027e-02 1.960307969067779932e-01 1.718591012507868915e-02 -6.592649816289111731e-02 -1.916694550556293994e-02 -1.317548398814181966e-03 4.279694907520714513e-03 -6.266668469441878664e-02 -5.766739874465409005e-02 5.894992425617761461e-03 1.010727945948530770e-01 -7.280046036787533870e-02 -2.693210286796045641e-02 1.681422951735479093e-02 6.242936819775573958e-03 1.216886143816851146e-03 1.079188497189704776e-01 1.543025589379769594e-02 6.610162647034244221e-02 -9.657429355358182477e-02 -5.612803497821741705e-03 -1.102855247094891404e-02 -2.850934821118703000e-02 -1.711531310569508121e-02 -2.343061664983475678e-02 -3.552495457341915686e-02 2.088663760854681320e-02 -3.617222166119085647e-02 -2.724269257097457209e-02 4.591071302788439501e-02 -3.451598856437290003e-02 -1.531091516778811980e-02
3.794580627873881881e-03 -3.728927332169521859e-03 1.087989682850420969e-02 6.521829740007187293e-03 1.331793478810756361e-02 4.240685631741550679e-03 -1.443508947521876529e-03 -1.268320957771077763e-02 -5.371570747187570487e-03 2.043222332598108697e-03 1.872624428346723532e-02 1.718591012507868915e-02 1.389568342118606241e-02 3.087286777977135688e-02 1.353882624884901248e-03 5.180313940923467371e-03 4.869539346596376585e-03 -7.255391291553735938e-03 -1.258669252428332164e-02 1.314386652456671226e-03 4.228532576343907445e-02 4.021016393030169152e-04 -2.319036014642697225e-03 5.116811878261708774e-03 1.025737532500050134e-02 8.564980951201504530e-03 4.372627070970239171e-02 9.734636417155662080e-03 7.821474753168768806e-03 -2.685267752490956561e-03 -5.690409143156291948e-03 1.276001603432613471e-03 8.899698258521128273e-04 -8.702434289283352692e-03 -1.612511301644403011e-02 4.805763798201925785e-03 9.039010590963096267e-03 -1.140745821180015997e-03 -6.635664050360139121e-03 9.644606627614387556e-03 -5.354242679086061198e-03 -1.428510957996034780e-02
4.150327084439736636e-02 1.176261517948694151e-02 -1.812722735016390752e-03 6.867592592026537657e-02 8.546420233483639772e-02 8.625457535906278991e-03 1.182113088797270423e-01 1.015357453882317906e-01 3.188857379470860093e-02 -5.596266710434719127e-02 1.832233163485921246e-01 -6.592649816289111731e-02 3.087286777977135688e-02 2.698026041780309803e-01 3.294349968970582826e-02 3.943681937092739093e-02 2.668850380745928577e-02 6.780832182833439192e-02 2.382261812380210078e-02 1.287213513317083183e-02 8.391927265540753689e-02 6.257616220706806176e-02 2.984626586835006923e-02 2.645757623779132137e-02 5.172637815315381249e-02 8.087599765323746220e-03 3.519101358232665788e-01 2.944157638209904046e-02 5.336675051528496673e-03 1.612769215407983125e-01 -1.079398067756716720e-02 3.033773271998558424e-02 5.446866186299447604e-02 -1.982782671698609181e-02 -2.270818448438280054e-02 1.185856255671679516e-01 -3.962645847518351389e-03 -1.006198844324689319e-02 -4.936580650373448981e-03 -4.730501069177831669e-03 -6.128188347538029296e-03 -2.853508332028023217e-02
2.081661590999721225e-03 1.272544950566770064e-03 1.260982127820194597e-04 5.611751383929815783e-03 1.128481525314429385e-02 3.812510718371511873e-03 1.380521576470238043e-02 1.932421337636028996e-02 5.640680941024406314e-03 -1.260772089225038230e-02 1.960379702812374211e-02 -1.916694550556293994e-02 1.353882624884901248e-03 3.294349968970582826e-02 5.686861827434963948e-03 5.568712948491514464e-03 5.428267043402441004e-03 1.266868701149220615e-02 5.559624123511392943e-03 4.052439193575248406e-03 3.858462664792850980e-03 1.071088065331271717e-02 4.001402624124401723e-03 3.474979702218930142e-03 6.331832695818612709e-03 4.800362601656188487e-04 4.187461757662894191e-02 1.613228934013549850e-03 -6.030067252236882488e-03 2.152971359887545164e-02 1.105109296481616120e-03 5.809463691888009512e-03 1.061058912813058787e-02 2.929133812678797518e-03 5.020097821376924866e-04 1.498906667269922846e-02 6.533219021751372237e-04 2.839318688190406535e-03 1.571792464484648467e-03 -2.660393395403417086e-03 3.252286857323006489e-03 -7.892877794291167960e-04
-7.551594783578034938e-03 1.773506457908087530e-03 5.788231483414498120e-03 9.795786231129486113e-03 1.580835217656052435e-02 9.159421491995651740e-03 7.861709293460425810e-03 1.419573192638775606e-02 3.860707356157805619e-03 -8.107213476838506447e-03 2.139733497152830968e-02 -1.317548398814181966e-03 5.180313940923467371e-03 3.943681937092739093e-02 5.568712948491514464e-03 8.080467797752911505e-03 7.715896418756182373e-03 8.171162825134995963e-03 -6.399333402287835960e-04 5.746343021780998123e-03 1.753099773626916671e-02 5.079791028855838893e-03 2.280094945114555498e-03 5.374612939443367682e-03 9.559940036272522590e-03 5.997779787732522398e-04 7.323891812192313833e-02 5.269473814681732010e-03 -7.617191974615014714e-04 1.589775430504372991e-02 9.439646336547145725e-04 6.563164931848688294e-03 1.067708639759512926e-02 -1.971839897902204599e-04 -4.879988277246235552e-03 1.527795678781327174e-02 3.048495780057814807e-03 5.639499834335278674e-04 -1.427438993188890129e-03 1.631639073833794380e-03 -4.658175205602906494e-05 -5.074928460637471994e-03
-1.932208347163818021e-02 -3.291960722151929426e-03 1.930542249314005573e-02 -3.234244128387979769e-03 1.779683943066114396e-02 1.874420461991083489e-02 -7.961240260997746272e-04 9.679374864944292542e-03 -2.905888291059542379e-04 -1.140170218791508421e-02 6.056678547986778585e-03 4.279694907520714513e-03 4.869539346596376585e-03 2.668850380745928577e-02 5.428267043402441004e-03 7.715896418756182373e-03 1.506743845401711281e-02 7.551064719151148047e-03 -6.286125659759420753e-03 1.332778662314260121e-02 3.860343744255816806e-02 4.405222445679268968e-03 -3.640501756886594612e-03 1.482145719901994951e-02 1.329524185276317189e-02 6.820735618836471295e-03 7.119865738690175916e-02 2.659494633695237004e-03 -1.850525221799052865e-03 4.458931759374269374e-03 1.343137780616006621e-03 8.712948899266936831e-03 1.441129101105392829e-02 1.313999566803469334e-02 4.229232826675180437e-04 1.127718620560605282e-02 1.615111130235550793e-02 1.960245456994927360e-03 -2.671258965066896328e-03 1.003516996741864870e-02 3.276414850443435788e-03 -8.464078937766866427e-04
1.700603012707232672e-02 6.470771982611376108e-03 -1.197066359145814059e-02 1.104456552292345552e-02 1.802691538908813770e-02 -1.697106331754940668e-03 5.638700369939794732e-02 6.256061825184863756e-02 1.999227463647137992e-02 -3.275782848709234835e-02 4.824313116368278420e-02 -6.266668469441878664e-02 -7.255391291553735938e-03 6.780832182833439192e-02 1.266868701149220615e-02 8.171162825134995963e-03 7.551064719151148047e-03 4.294103688496828108e-02 2.887970600069366886e-02 6.532675410810795912e-03 -1.447952080201108174e-02 3.210840989764427583e-02 1.435232582312997995e-02 9.632602248146993063e-03 9.402641576044666605e-03 -3.347992367170380627e-03 7.098200530107939832e-02 -3.967359859201767189e-03 -1.129324639617384357e-02 7.460012991888714806e-02 2.037125366644168458e-03 1.205340092928469144e-02 2.462011258727245938e-02 1.229676782202463771e-02 1.845455748785460731e-02 4.474741656507495030e-02 -7.830411589249030441e-03 -1.439595068540974222e-03 7.812013614434500271e-03 -1.276818501331439086e-02 8.217002946808285579e-03 1.178516610894248147e-02
2.618830473646665755e-02 7.925350489382426353e-03 -2.591354693246651977e-02 8.420213973465309407e-03 -2.681916203042962552e-03 -1.573357149937227445e-02 4.233607235672848940e-02 4.368695210606076546e-02 1.666651580606787891e-02 -1.807015615455829713e-02 2.658930722008803760e-02 -5.766739874465409005e-02 -1.258669252428332164e-02 2.382261812380210078e-02 5.559624123511392943e-03 -6.399333402287835960e-04 -6.286125659759420753e-03 2.887970600069366886e-02 2.962981668384394307e-02 -4.938427561056951340e-03 -5.128465316995755446e-02 2.159491689106091128e-02 1.406682028436450141e-02 -5.448293327190176748e-03 -5.332249511984618606e-03 -9.511954963725172130e-03 -1.223091753549312294e-02 -7.533879636368596977e-03 -1.116821401759424126e-02 5.289807033025224758e-02 2.422696275555606335e-03 2.679318048420027947e-03 8.315814800971875129e-03 2.405301744997518851e-03 1.739316300270716750e-02 2.352798272910588614e-02 -1.964687050385788974e-02 -5.985657586967058422e-04 9.972361593079692027e-03 -1.997200602089731214e-02 6.137941642868585679e-03 1.291261299996685624e-02
-2.299911416313843784e-02 -2.458270626666384830e-03 1.749369550832061831e-02 -5.626531872504325453e-03 1.286746990381792272e-02 1.816569597752614243e-02 -4.417662381860904160e-03 8.918737495858043360e-03 -1.464995678190771523e-04 -9.107959774078836293e-03 -2.956827460206172195e-03 5.894992425617761461e-03 1.314386652456671226e-03 1.287213513317083183e-02 4.052439193575248406e-03 5.746343021780998123e-03 1.332778662314260121e-02 6.532675410810795912e-03 -4.938427561056951340e-03 1.275115737248318053e-02 2.840974101566888510e-02 1.330026949627824504e-03 -4.131171930491254682e-03 1.315652899482838700e-02 9.868286271164363951e-03 4.374447381442323965e-03 5.691237300237801666e-02 1.925784786692736228e-04 -2.379884617258060716e-03 -8.366945816593414830e-05 2.878978100402610190e-03 7.555440808602900855e-03 1.244430192712963311e-02 1.487493200868692314e-02 4.011658945329596264e-03 7.055822238945358947e-03 1.416734029224469595e-02 1.641250155722779637e-03 -1.557721024686777771e-03 8.603559551870473138e-03 3.830701042785886537e-03 2.653218494215854595e-03
-2.912711478369964246e-02 -2.024335192759948651e-02 7.559448111250915980e-02 -4.911783181840143932e-03 5.542364444244943927e-02 4.191294179533318343e-02 -7.569562591372003670e-05 -3.919475397490045782e-02 -2.369520840010414658e-02 3.802893292412654318e-03 3.674965746420494339e-02 1.010727945948530770e-01 4.228532576343907445e-02 8.391927265540753689e-02 3.858462664792850980e-03 1.753099773626916671e-02 3.860343744255816806e-02 -1.447952080201108174e-02 -5.128465316995755446e-02 2.840974101566888510e-02 2.196465523784659757e-01 -3.241747944433930918e-03 -2.157843680887521973e-02 5.792958363908504854e-02 5.029309937564918620e-02 4.208495700041991333e-02 2.132273399988459106e-01 2.480249201033419768e-02 4.813501319153400126e-02 -1.052370260347456829e-02 -2.134595075876522322e-02 1.168101446329095072e-02 1.634042947864129333e-02 9.682149260195593507e-03 -2.613488619445253000e-02 2.896241510749416811e-02 6.255633732148375981e-02 -2.370846805558769754e-02 -2.974550267683558416e-02 6.202071687346862039e-02 -1.898260051468396784e-02 -2.661398874386041932e-02
3.986487303008881544e-02 -9.338077421473583647e-04 -1.150996605848244279e-02 4.007286606037317213e-03 1.492536267103816705e-02 -9.831766989538900936e-03 4.870785806134222268e-02 4.170111221868737922e-02 1.234370298572672227e-02 -3.240176851107771927e-02 4.729355403578631295e-02 -7.280046036787533870e-02 4.021016393030169152e-04 6.257616220706806176e-02 1.071088065331271717e-02 5.079791028855838893e-03 4.405222445679268968e-03 3.210840989764427583e-02 2.159491689106091128e-02 1.330026949627824504e-03 -3.241747944433930918e-03 3.666278165816782425e-02 1.176429209743546332e-02 5.122866145668765470e-03 8.575194159731899107e-03 6.164255499111873787e-03 1.201348157826612195e-02 -1.317954963118414535e-03 -1.587297306432995311e-02 5.966890372234567863e-02 -3.386322079116085414e-03 7.845471340320054818e-03 1.771519862235093265e-02 6.428469438781263950e-03 7.323162492876360632e-03 3.281417646803277272e-02 -2.055171794861569527e-03 6.396133722717148307e-03 6.475733097088834378e-03 -1.062348964979236213e-02 9.419509562684436760e-03 2.452682689406267616e-03
1.688188980295539723e-02 5.447768615261018750e-03 -1.476573242310480830e-02 1.231883909900377549e-02 3.371934451995046468e-03 -9.031211992423165275e-03 2.535503413563100494e-02 2.306963881881318387e-02 9.380517342746558240e-03 -8.468447566009789859e-03 2.665327813912853408e-02 -2.693210286796045641e-02 -2.319036014642697225e-03 2.984626586835006923e-02 4.001402624124401723e-03 2.280094945114555498e-03 -3.640501756886594612e-03 1.435232582312997995e-02 1.406682028436450141e-02 -4.131171930491254682e-03 -2.157843680887521973e-02 1.176429209743546332e-02 9.142166043735499778e-03 -4.320412735853875266e-03 -3.046164151741900697e-04 -5.264022486381927067e-03 1.675856564943443983e-02 2.361673008421118463e-04 -3.396040255596428480e-03 3.274109840389744647e-02 -3.072686151952220974e-06 1.855332609196223533e-03 4.621974275536492975e-03 -5.882081345282519531e-03 2.363228124711571135e-03 1.683560930722740115e-02 -1.241831299121155460e-02 -1.135344394188546541e-03 3.735336021489848654e-03 -1.077728710097875658e-02 5.204643895147026064e-04 9.146385314593220330e-04
-1.337900276990931607e-02 -4.076675047574785347e-03 2.166455784742368426e-02 -4.897829876591261629e-03 1.748771476638700736e-02 1.501746557040140040e-02 1.385911183495156830e-02 8.049283324695765893e-03 -1.222997617129407228e-03 -7.327558839940302715e-03 1.120817721084529234e-02 1.681422951735479093e-02 5.116811878261708774e-03 2.645757623779132137e-02 3.474979702218930142e-03 5.374612939443367682e-03 1.482145719901994951e-02 9.632602248146993063e-03 -5.448293327190176748e-03 1.315652899482838700e-02 5.792958363908504854e-02 5.122866145668765470e-03 -4.320412735853875266e-03 2.362037954389442640e-02 1.575769994138208341e-02 1.026632038423645060e-02 7.594398015729003637e-02 1.821457650481462815e-03 1.233513632663653554e-02 1.465376215111618800e-02 -3.944313369266260437e-03 6.966762238732289621e-03 1.225588892050247063e-02 1.456921573101149607e-02 6.488384300626751609e-03 1.914126144224518461e-02 1.812291355654565422e-02 -1.010280714429850728e-02 -5.790388826219953176e-03 1.640438907656646683e-02 -2.099552133730857740e-03 3.193272004721723484e-03
-5.914747591059305379e-03 -2.061708766478783424e-03 1.582713366052690765e-02 6.464644820900595189e-03 2.323189422458641490e-02 1.289515869273435804e-02 1.431713583198829590e-02 1.137526279628444520e-02 1.020788254668601866e-03 -1.025494104052678684e-02 2.842181438136250071e-02 6.242936819775573958e-03 1.025737532500050134e-02 5.172637815315381249e-02 6.331832695818612709e-03 9.559940036272522590e-03 1.329524185276317189e-02 9.402641576044666605e-03 -5.332249511984618606e-03 9.868286271164363951e-03 5.029309937564918620e-02 8.575194159731899107e-03 -3.046164151741900697e-04 1.575769994138208341e-02 1.701616498010647197e-02 8.313228365770313974e-03 9.430691464701571047e-02 7.294874328086934159e-03 6.143487453119956913e-03 2.013866212443844381e-02 -3.340028876251838977e-03 8.204444774004397006e-03 1.374989642063269638e-02 3.791499911489959723e-03 -5.176661293822313638e-03 2.209148719799272631e-02 1.275583456748663816e-02 -3.797463131898460090e-03 -5.128945011889696898e-03 1.056686287935189664e-02 -1.942921212124253940e-03 -6.491242981733709450e-03
8.081302991292704449e-03 -8.711755740613398580e-03 1.412943502460980300e-02 -1.018289875382170917e-02 7.379922559435966867e-03 3.668625624960856514e-03 -8.274264482217149816e-04 -1.232738926995603779e-02 -7.174123172436899093e-03 -4.555681032189598870e-03 2.382583931776600505e-03 1.216886143816851146e-03 8.564980951201504530e-03 8.087599765323746220e-03 4.800362601656188487e-04 5.997779787732522398e-04 6.820735618836471295e-03 -3.347992367170380627e-03 -9.511954963725172130e-03 4.374447381442323965e-03 4.208495700041991333e-02 6.164255499111873787e-03 -5.264022486381927067e-03 1.026632038423645060e-02 8.313228365770313974e-03 1.368965891774330361e-02 -5.319763374037547385e-03 2.613372436193108633e-03 1.946136145687183240e-03 -6.152834563781584172e-03 -5.883140108128286083e-03 9.971337437894487420e-04 2.077970540703723279e-03 5.524729043923300685e-03 -4.545672322025395666e-03 -5.840482909184116641e-05 1.629461961485267202e-02 1.651423449566593107e-03 -4.131154091775024809e-03 1.146297625864576425e-02 7.439549858065913190e-04 -4.992785133974801323e-03
-1.162112403624466356e-01 2.922500208421186657e-02 6.692216470184944588e-02 1.082361633839674653e-01 1.463920445186943364e-01 9.326007663598176456e-02 9.389914791919451442e-02 1.256180661612228966e-01 3.620622929586311128e-02 -3.450877094960763669e-02 1.986168800992743899e-01 1.079188497189704776e-01 4.372627070970239171e-02 3.519101358232665788e-01 4.187461757662894191e-02 7.323891812192313833e-02 7.119865738690175916e-02 7.098200530107939832e-02 -1.223091753549312294e-02 5.691237300237801666e-02 2.132273399988459106e-01 1.201348157826612195e-02 1.675856564943443983e-02 7.594398015729003637e-02 9.430691464701571047e-02 -5.319763374037547385e-03 8.181494508774721508e-01 5.070666616931147896e-02 6.018822975978097012e-02 1.608936996423637467e-01 2.257534035808168773e-03 5.648927280679225116e-02 8.904188127983067580e-02 -6.744105736404847062e-03 -2.764693283273277069e-02 1.647096405950215225e-01 2.231352548067478889e-02 -5.009131915419050979e-02 -2.838687758728005231e-02 3.865892819547808723e-02 -3.115613052322996346e-02 -3.264593644085207053e-02
-3.112262955413719790e-04 2.392555125732060057e-04 5.084437376577716737e-03 1.092178162941036777e-02 1.101055816264217939e-02 3.274954727571091975e-03 1.013649773050924203e-03 -4.776552210318252278e-03 -1.556874060863927371e-03 2.797175424839842828e-03 1.886441000630713349e-02 1.543025589379769594e-02 9.734636417155662080e-03 2.944157638209904046e-02 1.613228934013549850e-03 5.269473814681732010e-03 2.659494633695237004e-03 -3.967359859201767189e-03 -7.533879636368596977e-03 1.925784786692736228e-04 2.480249201033419768e-02 -1.317954963118414535e-03 2.361673008421118463e-04 1.821457650481462815e-03 7.294874328086934159e-03 2.613372436193108633e-03 5.070666616931147896e-02 8.280235334336289929e-03 7.017067101956548335e-03 2.724912555625581909e-03 -3.006425074313718877e-03 1.480424693111853651e-03 1.221406026667760198e-03 -9.837606130053310610e-03 -1.283734553784544354e-02 6.784396827278421811e-03 2.233905658087979081e-03 -2.356093193079918883e-03 -4.686521261582698127e-03 4.748303175734089332e-03 -5.406936417538541276e-03 -1.118117411193207678e-02
-6.617797177432925906e-03 2.298513463994920035e-03 8.774150830992611186e-03 1.104653094534092939e-02 3.029127817085279159e-03 -1.272801128014868291e-03 1.033892311737770985e-02 -1.938253890807275018e-02 -5.417168365682983877e-03 2.426122186896122190e-02 1.167041640809247244e-02 6.610162647034244221e-02 7.821474753168768806e-03 5.336675051528496673e-03 -6.030067252236882488e-03 -7.617191974615014714e-04 -1.850525221799052865e-03 -1.129324639617384357e-02 -1.116821401759424126e-02 -2.379884617258060716e-03 4.813501319153400126e-02 -1.587297306432995311e-02 -3.396040255596428480e-03 1.233513632663653554e-02 6.143487453119956913e-03 1.946136145687183240e-03 6.018822975978097012e-02 7.017067101956548335e-03 3.884482207593995678e-02 1.779315054461976008e-03 -9.674777243743524352e-03 -4.983309863532418317e-03 -1.013453307915332391e-02 -1.267359761256155529e-02 -3.997715418161922399e-03 9.550701318712107035e-03 7.673102117564136165e-04 -2.764965233390831445e-02 -1.170935739734173253e-02 1.653950072749047970e-02 -1.954269487697053373e-02 -3.928526807463666136e-03
5.927942700434302159e-02 1.602037172886150093e-02 -3.335587721183158605e-02 4.276851098711587779e-02 3.724879650619791760e-02 -2.004683392415355578e-02 1.290253090876810060e-01 1.078193243025663411e-01 3.744356149569318809e-02 -4.744626981749469619e-02 1.285453280420289779e-01 -9.657429355358182477e-02 -2.685267752490956561e-03 1.612769215407983125e-01 2.152971359887545164e-02 1.589775430504372991e-02 4.458931759374269374e-03 7.460012991888714806e-02 5.289807033025224758e-02 -8.366945816593414830e-05 -1.052370260347456829e-02 5.966890372234567863e-02 3.274109840389744647e-02 1.465376215111618800e-02 2.013866212443844381e-02 -6.152834563781584172e-03 1.608936996423637467e-01 2.724912555625581909e-03 1.779315054461976008e-03 1.600227670499582699e-01 -6.706201337591226851e-03 1.681628641507886684e-02 3.588076554147516528e-02 -3.914477789394381867e-03 1.983416633187797332e-02 9.734523597620117763e-02 -2.666129796773391084e-02 -1.816992851456728300e-02 8.159080663993989110e-03 -2.297955684554639499e-02 8.855641863544560166e-05 8.765796044225939929e-03
-1.539124070525338395e-02 2.423895681234732383e-03 -8.897482829390648568e-04 -1.437704909941012448e-03 -2.188517752154616001e-03 6.249441668152999618e-03 -1.100812987757754900e-02 7.418057393136745850e-03 2.679655455692801173e-03 -2.806844945987046255e-03 -1.272441379734630743e-02 -5.612803497821741705e-03 -5.690409143156291948e-03 -1.079398067756716720e-02 1.105109296481616120e-03 9.439646336547145725e-04 1.343137780616006621e-03 2.037125366644168458e-03 2.422696275555606335e-03 2.878978100402610190e-03 -2.134595075876522322e-02 -3.386322079116085414e-03 -3.072686151952220974e-06 -3.944313369266260437e-03 -3.340028876251838977e-03 -5.883140108128286083e-03 2.257534035808168773e-03 -3.006425074313718877e-03 -9.674777243743524352e-03 -6.706201337591226851e-03 6.622665103457750849e-03 2.228344289723061238e-03 3.329329887427939089e-03 5.427351812364599598e-03 3.778497738384688481e-03 -5.128820407435455246e-03 -2.142843537770566537e-03 6.183411115887213656e-03 3.513060580288450679e-03 -4.903849123149048306e-03 4.888878406276691256e-03 4.138589342535906566e-03
-8.024713475755944347e-03 7.890562218246558682e-04 5.893814220678420673e-03 3.497403151609807231e-03 1.329435080542801240e-02 9.656594037736949965e-03 8.886487098825999673e-03 1.863957530375816296e-02 4.686509302593302138e-03 -1.226047749927531780e-02 1.431570385324363627e-02 -1.102855247094891404e-02 1.276001603432613471e-03 3.033773271998558424e-02 5.809463691888009512e-03 6.563164931848688294e-03 8.712948899266936831e-03 1.205340092928469144e-02 2.679318048420027947e-03 7.555440808602900855e-03 1.168101446329095072e-02 7.845471340320054818e-03 1.855332609196223533e-03 6.966762238732289621e-03 8.204444774004397006e-03 9.971337437894487420e-04 5.648927280679225116e-02 1.480424693111853651e-03 -4.983309863532418317e-03 1.681628641507886684e-02 2.228344289723061238e-03 7.205126165461811852e-03 1.254463703530797961e-02 6.906908258554990583e-03 1.717767324751297070e-03 1.435800960039824818e-02 4.637127122701729422e-03 2.288472524160745786e-03 6.362831664586601895e-04 6.652933165673695012e-04 3.453565456969952350e-03 3.358694288180069068e-04
-7.720004601171040828e-03 1.284455154679685395e-03 7.452317683437350085e-03 5.155321080613443907e-03 2.235319866800449320e-02 1.387350425959623171e-02 2.180814619063944221e-02 3.671973033569257000e-02 9.568688721178150725e-03 -2.428818181263217579e-02 2.784325792154025009e-02 -2.850934821118703000e-02 8.899698258521128273e-04 5.446866186299447604e-02 1.061058912813058787e-02 1.067708639759512926e-02 1.441129101105392829e-02 2.462011258727245938e-02 8.315814800971875129e-03 1.244430192712963311e-02 1.634042947864129333e-02 1.771519862235093265e-02 4.621974275536492975e-03 1.225588892050247063e-02 1.374989642063269638e-02 2.077970540703723279e-03 8.904188127983067580e-02 1.221406026667760198e-03 -1.013453307915332391e-02 3.588076554147516528e-02 3.329329887427939089e-03 1.254463703530797961e-02 2.257225718409530679e-02 1.324462676977754619e-02 5.706358352006202748e-03 2.760533106697779515e-02 6.867922379400955360e-03 4.018459718851205391e-03 2.295115769899306983e-03 -6.516437296079852833e-04 7.127133936228190365e-03 2.494520995566647421e-03
-2.067568472717701625e-02 -5.634172590653662924e-03 1.591979298327154610e-02 -2.325345033497484490e-02 2.279432885914169354e-03 1.623657582028731339e-02 -5.394430372244690339e-03 1.375671222487783764e-02 2.024975834764675500e-04 -1.637765858098769872e-02 -2.568064282070479931e-02 -1.711531310569508121e-02 -8.702434289283352692e-03 -1.982782671698609181e-02 2.929133812678797518e-03 -1.971839897902204599e-04 1.313999566803469334e-02 1.229676782202463771e-02 2.405301744997518851e-03 1.487493200868692314e-02 9.682149260195593507e-03 6.428469438781263950e-03 -5.882081345282519531e-03 1.456921573101149607e-02 3.791499911489959723e-03 5.524729043923300685e-03 -6.744105736404847062e-03 -9.837606130053310610e-03 -1.267359761256155529e-02 -3.914477789394381867e-03 5.427351812364599598e-03 6.906908258554990583e-03 1.324462676977754619e-02 3.075725480687532473e-02 1.963430552020166420e-02 -5.607818260217918701e-04 1.713662546760365973e-02 6.379790259936610197e-03 3.640688166525395900e-03 5.753666458146354350e-03 1.214352819148895729e-02 1.580573016930246141e-02
-2.677090637824967347e-03 2.287895562686655809e-03 -5.862138466914059744e-03 -1.188614016395585921e-02 -8.685356631528811863e-03 -1.843338879245330761e-03 1.805873098609241112e-02 2.469730875816685683e-02 7.622196858965907436e-03 -9.528170979219076353e-03 -1.324930165283354222e-02 -2.343061664983475678e-02 -1.612511301644403011e-02 -2.270818448438280054e-02 5.020097821376924866e-04 -4.879988277246235552e-03 4.229232826675180437e-04 1.845455748785460731e-02 1.739316300270716750e-02 4.011658945329596264e-03 -2.613488619445253000e-02 7.323162492876360632e-03 2.363228124711571135e-03 6.488384300626751609e-03 -5.176661293822313638e-03 -4.545672322025395666e-03 -2.764693283273277069e-02 -1.283734553784544354e-02 -3.997715418161922399e-03 1.983416633187797332e-02 3.778497738384688481e-03 1.717767324751297070e-03 5.706358352006202748e-03 1.963430552020166420e-02 2.700008518314084283e-02 7.611823013637434264e-03 -3.326215735724387650e-03 -4.677973668445130177e-03 6.461062401472112554e-03 -5.319090289687796597e-03 6.453291900314932737e-03 2.188963196621553781e-02
2.005522565862732573e-02 8.970507611938089571e-03 -6.146473039064093494e-03 2.970636803961400341e-02 3.537536718524238871e-02 5.731719083546511995e-05 7.667816231937622795e-02 6.460956011525148535e-02 2.089781879551913524e-02 -2.808326989127219592e-02 8.587786082445447722e-02 -3.552495457341915686e-02 4.805763798201925785e-03 1.185856255671679516e-01 1.498906667269922846e-02 1.527795678781327174e-02 1.127718620560605282e-02 4.474741656507495030e-02 2.352798272910588614e-02 7.055822238945358947e-03 2.896241510749416811e-02 3.281417646803277272e-02 1.683560930722740115e-02 1.914126144224518461e-02 2.209148719799272631e-02 -5.840482909184116641e-05 1.647096405950215225e-01 6.784396827278421811e-03 9.550701318712107035e-03 9.734523597620117763e-02 -5.128820407435455246e-03 1.435800960039824818e-02 2.760533106697779515e-02 -5.607818260217918701e-04 7.611823013637434264e-03 6.719564667885787046e-02 -6.953730679443848386e-03 -1.578844976201351086e-02 -1.235152012632807664e-04 -3.974881976226475946e-03 -3.615458691089513954e-03 1.015267615592942109e-03
-1.998490921608768109e-02 -1.160809932688604967e-02 3.126902264966410078e-02 -1.882081328870550616e-02 1.199556563712859264e-02 2.067000047668402993e-02 -2.117603696426158602e-02 -1.833483112782890653e-02 -1.148540841832140086e-02 -4.283450541585901404e-03 -1.722332388595899585e-02 2.088663760854681320e-02 9.039010590963096267e-03 -3.962645847518351389e-03 6.533219021751372237e-04 3.048495780057814807e-03 1.615111130235550793e-02 -7.830411589249030441e-03 -1.964687050385788974e-02 1.416734029224469595e-02 6.255633732148375981e-02 -2.055171794861569527e-03 -1.241831299121155460e-02 1.812291355654565422e-02 1.275583456748663816e-02 1.629461961485267202e-02 2.231352548067478889e-02 2.233905658087979081e-03 7.673102117564136165e-04 -2.666129796773391084e-02 -2.142843537770566537e-03 4.637127122701729422e-03 6.867922379400955360e-03 1.713662546760365973e-02 -3.326215735724387650e-03 -6.953730679443848386e-03 2.927106862854159108e-02 4.269046636950887298e-03 -6.301816013185733770e-03 2.055861307251842865e-02 3.146300517640027508e-03 -3.362518763932373627e-03
